0.021447420634785885
0.024364979269762443
0.025269076034987847
0.02932080484231392
0.03381624496466884
0.020656743143717904
0.024057038762180127
0.023205291566682718
0.024679314330342095
0.030672537219288643
0.024205676356814365
0.028114101561413918
0.027348866135866956
0.018494291345064084
0.02416992630094228
0.026111385343710936
0.02404388300726623
0.0305090187573569
0.025905747033903026
0.034937991552965286
0.027765726866164187
0.022692676502970244
0.025853950090890976
0.027828671014958672
0.024332139259627183
0.02033645337951384
0.02611082439113943
0.027474216613882163
0.024596161097861113
0.03215685699126425
