0.02065527367562936
0.024705097701371415
0.02337845180147724
0.022840784662207625
0.02179098733961382
0.017611542952295167
0.019544438103594075
0.023172213793486662
0.02335747174788594
0.02613033116654151
0.022555604975082133
0.01908612348540828
0.025249440758216224
0.0248806938288908
0.020602945155133057
0.02579459583694188
0.022684744759658315
0.025582595071114156
0.02168065598107205
0.0215707005911554
0.013472982787902765
0.023774600939646007
0.019973923582028874
0.022779320316885787
0.011449839158444775
0.02844377892324701
0.020036036859551132
0.023497883873119463
0.02608828902464211
0.022853798264122815
