372.96182371143664
359.7989623050445
389.86994568729824
391.9942084428709
321.548407677495
318.17554965633235
392.8879919533856
384.51569585206414
329.78105927356955
359.4774954647612
368.91266517119345
297.8894169624009
342.359503561565
322.6452613871111
325.8666898123272
295.8009873972512
406.6654027470388
355.7019370112781
295.63611090111124
308.97507189957264
403.97772312615814
398.29565860376806
335.0131074727326
324.5592546212663
319.43460226881507
302.89568688507507
349.4242826118283
379.7269793555165
290.9700482446583
374.9048211102603
