306.90955252641254
317.5301581506451
321.1193102844303
294.1932769210523
356.40356900427616
334.12765302357104
327.5002233258142
404.6002717605835
331.4361808130917
335.0491540901053
357.94279919738506
384.14085298421037
340.8043576077109
429.1188091053964
335.8786241967798
369.8507288904823
367.2205737145391
393.6451244591158
326.789342106041
360.8896589765112
425.1259013955332
326.31745087662057
327.1036130479441
371.6918183843844
353.6081258209525
304.450932664986
355.8074895136564
356.9443921719011
390.6932999252324
335.8924865603926
