8.126229204208357E-6
4.279573886378785E-6
2.026125025622605E-5
2.8010026085212303E-5
1.010057724215585E-5
8.251502208622696E-6
3.360508765126724E-5
1.1804510791080247E-5
3.3065659408748616E-5
3.7320015735531342E-6
2.259229029277776E-5
1.6532047084183432E-5
2.8540145081024093E-5
3.787137529798201E-5
5.640335302814492E-6
1.693403157787543E-5
6.850653335277457E-6
2.6122340159417945E-5
2.2810770587966545E-5
1.894937099677918E-5
9.620556738809682E-6
2.9085155915709038E-5
6.944587084944942E-5
5.808997912026825E-6
1.0439450761623448E-6
3.2197833661484765E-6
2.1660241600329755E-6
2.4467552748319576E-6
1.1920685551558563E-5
1.831069084801129E-6
