1.9010258256457746E-8
4.053163138451055E-9
8.083907232503407E-8
4.298158273741137E-9
2.8899194148834795E-9
3.192099029547535E-9
1.0839676178875379E-7
2.961996869998984E-9
8.259803507826291E-9
6.656136974925175E-9
2.883211891457904E-9
1.553803485876415E-8
4.8779384087538347E-8
1.2666987458942458E-9
3.661003802335472E-7
4.120693120057695E-9
7.062453732942231E-9
3.0503315429086797E-9
9.16372755455086E-9
3.560671757441014E-9
7.729681783530395E-9
2.6127509045181796E-9
6.843833944003563E-9
2.5446524887229316E-9
3.2448497222503647E-9
7.408971214317717E-10
2.932665665866807E-9
9.78275238594506E-10
1.4093984646024182E-8
3.22930873153382E-8
