1.3374254081099934E-5
6.098755648054066E-6
2.5500252149868174E-5
4.00809898337684E-5
1.5284139635696192E-5
1.555652556817222E-5
6.570501227542991E-5
1.7553209886500554E-5
4.776280422902346E-5
7.366434033428959E-6
4.063295921241661E-5
2.4061754061222018E-5
3.8724551473023894E-5
6.357988070249121E-5
7.956849572110514E-6
2.6607284326019E-5
1.148265846495633E-5
4.2964896238117944E-5
3.1657215686209383E-5
2.4168262029888865E-5
1.4643270446867973E-5
4.0359645936405286E-5
9.973272358365648E-5
8.743190164750558E-6
1.590606416357332E-6
4.694022209150717E-6
3.5199391277274117E-6
3.6894117556585115E-6
1.767384299000696E-5
2.901667130572605E-6
