2.3744519239699002E-8
6.658069651166443E-9
1.1288022960798116E-7
6.442860467359424E-9
4.133880793233402E-9
4.172193257545587E-9
1.360795067739673E-7
4.712546797236428E-9
1.0255348570353817E-8
1.0124153959623072E-8
4.0215581975644454E-9
2.032106749538798E-8
7.293101589311846E-8
1.893454282253515E-9
4.920676701658522E-7
5.1807091949740425E-9
9.476934792473912E-9
4.193680069874972E-9
1.2584450814756565E-8
4.257117325323634E-9
1.0345274858991615E-8
3.966874828620348E-9
9.680888979346491E-9
3.4942786442115903E-9
4.924686436424963E-9
1.1945076039410196E-9
3.958916749979835E-9
1.3430963008431718E-9
1.756347955961246E-8
5.451784090837464E-8
